BibCite: CMS:2024syx
BibEntry: '@article{CMS:2024syx,
    author = "Hayrapetyan, Aram and others",
    collaboration = "CMS",
    title = "{Test of lepton flavor universality in B$^{\pm}$$\to$ K$^{\pm}\mu^+\mu^-$ and B$^{\pm}$$\to$ K$^{\pm}$e$^+$e$^-$ decays in proton-proton collisions at $\sqrt{s}$ = 13 TeV}",
    eprint = "2401.07090",
    archivePrefix = "arXiv",
    primaryClass = "hep-ex",
    reportNumber = "CMS-BPH-22-005, CERN-EP-2023-297",
    month = "1",
    year = "2024"
}'
DOI: TBA
FileName: CMS-BPH-22-005.yaml
Name: B2KMuMu_Br
Source: hepdata.net/record/ins2747130
SubmissionYear: 2024
PublicationYear: TBD
Arxiv: 2401.07090
Collaborations: CMS
ExperimentalDataLumi: 137fb
ExperimentalDataYears: 2018
Kinematics: "q2>0.1 && q2<22.9"
HLAuthor: Tomas Gonzalo
HLEmail: tomas.gonzalo@kit.edu
HL_Type: HL_nDimGaussian
Observables:
- ["B2KMuMu_Br_q2_0.1_0.98", 2.91e-8, 0.24e-8]
- ["B2KMuMu_Br_q2_1.1_2.0", 1.93e-8, 0.2e-8]
- ["B2KMuMu_Br_q2_2.0_3.0", 3.06e-8, 0.25e-8]
- ["B2KMuMu_Br_q2_3.0_4.0", 2.54e-8, 0.23e-8]
- ["B2KMuMu_Br_q2_4.0_5.0", 2.47e-8, 0.24e-8]
- ["B2KMuMu_Br_q2_5.0_6.0", 2.53e-8, 0.27e-8]
- ["B2KMuMu_Br_q2_6.0_7.0", 2.5e-8, 0.23e-8]
- ["B2KMuMu_Br_q2_7.0_8.0", 2.34e-8, 0.25e-8]
- ["B2KMuMu_Br_q2_11.0_11.8", 1.62e-8, 0.18e-8]
- ["B2KMuMu_Br_q2_11.8_12.5", 1.26e-8, 0.14e-8]
- ["B2KMuMu_Br_q2_14.82_16.0", 1.83e-8, 0.17e-8]
- ["B2KMuMu_Br_q2_16.0_17.0", 1.57e-8, 0.15e-8]
- ["B2KMuMu_Br_q2_17.0_18.0", 2.11e-8, 0.16e-8]
- ["B2KMuMu_Br_q2_18.0_19.24", 1.74e-8, 0.15e-8]
- ["B2KMuMu_Br_q2_19.24_22.9", 2.02e-8, 0.3e-8]
Correlation:
- ["B2KMuMu_Br_q2_0.1_0.98", "B2KMuMu_Br_q2_1.1_2.0", "B2KMuMu_Br_q2_2.0_3.0", "B2KMuMu_Br_q2_3.0_4.0", "B2KMuMu_Br_q2_4.0_5.0", "B2KMuMu_Br_q2_5.0_6.0", "B2KMuMu_Br_q2_6.0_7.0", "B2KMuMu_Br_q2_7.0_8.0", "B2KMuMu_Br_q2_11.0_11.8", "B2KMuMu_Br_q2_11.8_12.5", "B2KMuMu_Br_q2_14.82_16.0", "B2KMuMu_Br_q2_16.0_17.0", "B2KMuMu_Br_q2_17.0_18.0", "B2KMuMu_Br_q2_18.0_19.24", "B2KMuMu_Br_q2_19.24_22.9"]
- [1.0, 0.009183, 0.010404, 0.011781, 0.011824, 0.012084, 0.012042, 0.014295, 0.010513, 0.0090106, 0.016254, 0.012379, 0.0095276, 0.0096436, 0.0087439]
- [0.009183, 1.0, 0.0085515, 0.0096315, 0.0096102, 0.010019, 0.0099603, 0.011797, 0.008647, 0.007358, 0.013249, 0.010271, 0.007924, 0.007776, 0.0072706]
- [0.010404, 0.0085515, 1.0, 0.011446, 0.011662, 0.011719, 0.011788, 0.014109, 0.010595, 0.0090263, 0.016309, 0.012999, 0.010162, 0.0094097, 0.0094061]
- [0.011781, 0.0096315, 0.011446, 1.0, 0.013992, 0.013595, 0.013798, 0.016658, 0.012722, 0.010875, 0.019737, 0.015944, 0.012548, 0.011292, 0.011729]
- [0.011824, 0.0096102, 0.011662, 0.013992, 1.0, 0.013879, 0.014185, 0.017261, 0.013339, 0.011471, 0.020943, 0.01694, 0.013361, 0.011974, 0.012637]
- [0.012084, 0.010019, 0.011719, 0.013595, 0.013879, 1.0, 0.014267, 0.017109, 0.012963, 0.010912, 0.019686, 0.016428, 0.012985, 0.011016, 0.012058]
- [0.012042, 0.0099603, 0.011788, 0.013798, 0.014185, 0.014267, 1.0, 0.017405, 0.013305, 0.011204, 0.020225, 0.01703, 0.01352, 0.011248, 0.012573]
- [0.014295, 0.011797, 0.014109, 0.016658, 0.017261, 0.017109, 0.017405, 1.0, 0.016181, 0.01365, 0.024689, 0.020869, 0.016604, 0.013696, 0.0155]
- [0.010513, 0.008647, 0.010595, 0.012722, 0.013339, 0.012963, 0.013305, 0.016181, 1.0, 0.010668, 0.019299, 0.016688, 0.0134, 0.010534, 0.012523]
- [0.0090106, 0.007358, 0.0090263, 0.010875, 0.011471, 0.010912, 0.011204, 0.01365, 0.010668, 1.0, 0.016471, 0.013873, 0.011075, 0.0091625, 0.010397]
- [0.016254, 0.013249, 0.016309, 0.019737, 0.020943, 0.019686, 0.020225, 0.024689, 0.019299, 0.016471, 1.0, 0.025087, 0.01998, 0.016787, 0.018872]
- [0.012379, 0.010271, 0.012999, 0.015944, 0.01694, 0.016428, 0.01703, 0.020869, 0.016688, 0.013873, 0.025087, 1.0, 0.01873, 0.013091, 0.017596]
- [0.0095276, 0.007924, 0.010162, 0.012548, 0.013361, 0.012985, 0.01352, 0.016604, 0.0134, 0.011075, 0.01998, 0.01873, 1.0, 0.010233, 0.014387]
- [0.0096436, 0.007776, 0.0094097, 0.011292, 0.011974, 0.011016, 0.011248, 0.013696, 0.010534, 0.0091625, 0.016787, 0.013091, 0.010233, 1.0, 0.0097114]
- [0.0087439, 0.0072706, 0.0094061, 0.011729, 0.012637, 0.012058, 0.012573, 0.0155, 0.012523, 0.010397, 0.018872, 0.017596, 0.014387, 0.0097114, 1.0]
